32 32 66 15 66 83 15 15 66 -2 -2 -2 83 -19 83 -19 49 15 -36 -19 32 66 -53 15 83 66
83 83 66 49 -53 83 49 -19 -36 15 32 83 -19 -36 83 -53 32 83 -2 49 -2 -36 32 66 15 -53
-19 -36 -2 83 15 -19 32 -19 -19 15 -36 15 -19 49 -36 -53 15 49 49 -53 -2 66 -36 49 66 49
-19 49 83 -19 49 15 -2 -19 15 49 -53 49 32 -36 49 -53 32 -36 15 -19 15 -2 32 83 32 49
32 -53 83 -53 66 -36 32 83 -53 49 83 -53 32 32 -2 -2 -19 -53 15 83 -53 -2 -19 -53 83 66
83 -36 -36 15 32 66 -36 15 -36 -53 32 -53 49 -53 -36 -36 32 -53 83 32 83 83 32 -36 83 15
66 32 32 -36 -2 -53 -53 -19 49 66 -2 -53 -53 66 49 -19 15 32 32 32 32 32 -2 -2 66 -19
49 15 -19 49 -19 -53 -36 15 66 66 -19 -19 83 49 32 49 -19 83 15 32 66 83 -53 15 32 66
15 15 66 32 83 -53 -36 32 15 -19 49 -36 -53 83 -53 49 15 -53 32 83 -53 -2 15 32 -19 -53
15 -2 -2 -19 -36 66 15 49 -53 32 -2 32 -36 15 -53 83 15 15 66 66 -53 -53 -2 -36 -36 83
-53 -36 -19 66 -2 -2 -53 -53 66 83 66 32 83 83 49 83 -19 -2 -2 -2 15 -2 15 -2 83 83
32 83 83 -36 83 83 49 15 -2 83 -19 -36 -2 15 66 -2 66 32 83 -53 -36 -19 49 -53 66 -36
49 32 66 83 15 49 -2 -36 66 -36 15 -53 15 -19 -36 -19 49 66 -36 83 -2 -36 83 -53 -53 15
83 -36 32 -36 66 15 -19 -53 -36 49 -2 15 83 -2 -36 66 -2 83 83 32 83 -53 66 32 -19 32
15 49 -53 83 -2 15 49 -36 83 -36 -2 -19 -2 -19 -53 -19 -2 -2 83 -36 49 83 15 66 -19 83
83 32 49 -19 83 -19 49 -53 -19 49 -19 49 66 49 15 66 -19 49 32 -53 15 -19 -53 83 32 -53
49 49 66 -53 49 32 83 66 -19 -2 49 66 -53 -36 -53 -19 -53 15 -19 -53 -53 -53 49 66 49 15
-19 -2 49 66 15 -19 83 -36 -19 49 66 49 32 66 -19 32 32 -19 -36 -2 49 49 -53 -36 -36 -53
-36 -36 -53 -36 32 49 -2 -2 49 49 -19 32 83 -2 -2 -19 66 83 -2 49 49 83 83 -36 32 32
-19 -2 -2 -2 -19 32 -2 15 83 -2 -53 49 32 -19 66 -19 -36 -2 66 66 -19 -53 49 -36 83 32
66 15 -36 32 -19 -36 -53 32 -36 -36 -2 -53 -36 15 32 83 66 15 -53 66 15 -36 -36 -19 32 15
49 66 15 -36 66 15 -36 66 -2 15 -53 -19 -53 66 -19 66 -2 -19 66 32 -36 32 -53 -53 -36 83
-53 -36 83 15 32 15 -19 -36 32 15 -2 66 49 66 -2 15 83 32 -2 -53 -36 83 66 -19 -19 -2
49 32 -53 -53 -19 83 -2 83 66 15 -36 -2 49 -19 -53 -36 49 -36 15 83 66 66 66 66 83 -19
32 15 -36 66 83 -2 66 -53 -19 -2 -2 -2 66 32 -19 83 83 -19 -53 15 49 15 -2 49 -53 -2
66 32 66 49 -2 -19 -36 83 32 -2 32 32 -2 -2 -19 83 49 -2 83 32 32 -19 32 -53 -19 15
