132 132 166 115 166 183 115 115 166 98 98 98 183 81 183 81 149 115 64 81 132 166 47 115 183 166
183 183 166 149 47 183 149 81 64 115 132 183 81 64 183 47 132 183 98 149 98 64 132 166 115 47
81 64 98 183 115 81 132 81 81 115 64 115 81 149 64 47 115 149 149 47 98 166 64 149 166 149
81 149 183 81 149 115 98 81 115 149 47 149 132 64 149 47 132 64 115 81 115 98 132 183 132 149
132 47 183 47 166 64 132 183 47 149 183 47 132 132 98 98 81 47 115 183 47 98 81 47 183 166
183 64 64 115 132 166 64 115 64 47 132 47 149 47 64 64 132 47 183 132 183 183 132 64 183 115
166 132 132 64 98 47 47 81 149 166 98 47 47 166 149 81 115 132 132 132 132 132 98 98 166 81
149 115 81 149 81 47 64 115 166 166 81 81 183 149 132 149 81 183 115 132 166 183 47 115 132 166
115 115 166 132 183 47 64 132 115 81 149 64 47 183 47 149 115 47 132 183 47 98 115 132 81 47
115 98 98 81 64 166 115 149 47 132 98 132 64 115 47 183 115 115 166 166 47 47 98 64 64 183
47 64 81 166 98 98 47 47 166 183 166 132 183 183 149 183 81 98 98 98 115 98 115 98 183 183
132 183 183 64 183 183 149 115 98 183 81 64 98 115 166 98 166 132 183 47 64 81 149 47 166 64
149 132 166 183 115 149 98 64 166 64 115 47 115 81 64 81 149 166 64 183 98 64 183 47 47 115
183 64 132 64 166 115 81 47 64 149 98 115 183 98 64 166 98 183 183 132 183 47 166 132 81 132
115 149 47 183 98 115 149 64 183 64 98 81 98 81 47 81 98 98 183 64 149 183 115 166 81 183
183 132 149 81 183 81 149 47 81 149 81 149 166 149 115 166 81 149 132 47 115 81 47 183 132 47
149 149 166 47 149 132 183 166 81 98 149 166 47 64 47 81 47 115 81 47 47 47 149 166 149 115
81 98 149 166 115 81 183 64 81 149 166 149 132 166 81 132 132 81 64 98 149 149 47 64 64 47
64 64 47 64 132 149 98 98 149 149 81 132 183 98 98 81 166 183 98 149 149 183 183 64 132 132
81 98 98 98 81 132 98 115 183 98 47 149 132 81 166 81 64 98 166 166 81 47 149 64 183 132
166 115 64 132 81 64 47 132 64 64 98 47 64 115 132 183 166 115 47 166 115 64 64 81 132 115
149 166 115 64 166 115 64 166 98 115 47 81 47 166 81 166 98 81 166 132 64 132 47 47 64 183
47 64 183 115 132 115 81 64 132 115 98 166 149 166 98 115 183 132 98 47 64 183 166 81 81 98
149 132 47 47 81 183 98 183 166 115 64 98 149 81 47 64 149 64 115 183 166 166 166 166 183 81
132 115 64 166 183 98 166 47 81 98 98 98 166 132 81 183 183 81 47 115 149 115 98 149 47 98
166 132 166 149 98 81 64 183 132 98 132 132 98 98 81 183 149 98 183 132 132 81 132 47 81 115
